3119410001
3119410010
3119410028
3119410039
3119410049
3119410058
3119410066
3119410075
3119410083
3119410093
3119410103
3119410112
3119410121
3119410137
3119410149
3119410158
3119410169
3119410178
3119410196
3119410206
3119410223
3119410230
3119410232
3119410240
3119410248
3119410266
3119410274
3119410282
3119410292
3119410302
3119410310
3119410319
3119410347
3119410355
3119410372
3119410389
3119410398
3119410408
3119410418
3119410427
3119410436
3119410445
3119410462
3119410470
3119410489
3119410497
3119410129
3117410289